1.982000000000000000e+03 2.000000000000000000e+00
1.982084931506849216e+03 4.000000000000000222e-01
1.982161643835616360e+03 1.000000000000000000e+00
1.982246575342465803e+03 1.000000000000000056e-01
1.982328767123287662e+03 -5.999999999999999778e-01
1.982413698630136878e+03 -1.699999999999999956e+00
1.982495890410958964e+03 -2.500000000000000000e+00
1.982580821917808180e+03 -2.899999999999999911e+00
1.982665753424657623e+03 -2.899999999999999911e+00
1.982747945205479482e+03 -2.799999999999999822e+00
1.982832876712328698e+03 -4.299999999999999822e+00
1.982915068493150784e+03 -3.700000000000000178e+00
1.983000000000000000e+03 -5.799999999999999822e+00
1.983084931506849216e+03 -6.000000000000000000e+00
1.983161643835616360e+03 -4.000000000000000000e+00
1.983246575342465803e+03 -1.500000000000000000e+00
1.983328767123287662e+03 1.000000000000000000e+00
1.983413698630136878e+03 1.000000000000000056e-01
1.983495890410958964e+03 -1.000000000000000000e+00
1.983580821917808180e+03 2.000000000000000111e-01
1.983665753424657623e+03 1.399999999999999911e+00
1.983747945205479482e+03 6.999999999999999556e-01
1.983832876712328698e+03 -2.000000000000000111e-01
1.983915068493150784e+03 0.000000000000000000e+00
1.984000000000000000e+03 2.999999999999999889e-01
1.984084699453551821e+03 1.399999999999999911e+00
1.984163934426229616e+03 -4.000000000000000222e-01
1.984248633879781437e+03 5.999999999999999778e-01
1.984330601092896131e+03 2.999999999999999889e-01
1.984415300546448179e+03 -5.999999999999999778e-01
1.984497267759562874e+03 2.999999999999999889e-01
1.984581967213114694e+03 6.999999999999999556e-01
1.984666666666666742e+03 2.000000000000000111e-01
1.984748633879781437e+03 -5.000000000000000000e-01
1.984833333333333258e+03 4.000000000000000222e-01
1.984915300546448179e+03 -2.000000000000000111e-01
1.985000000000000000e+03 -5.000000000000000000e-01
1.985084931506849216e+03 2.000000000000000000e+00
1.985161643835616360e+03 1.300000000000000044e+00
1.985246575342465803e+03 1.899999999999999911e+00
1.985328767123287662e+03 6.999999999999999556e-01
1.985413698630136878e+03 -5.999999999999999778e-01
1.985495890410958964e+03 -2.000000000000000111e-01
1.985580821917808180e+03 1.600000000000000089e+00
1.985665753424657623e+03 0.000000000000000000e+00
1.985747945205479482e+03 -5.999999999999999778e-01
1.985832876712328698e+03 -2.999999999999999889e-01
1.985915068493150784e+03 4.000000000000000222e-01
1.986000000000000000e+03 1.600000000000000089e+00
1.986084931506849216e+03 -1.699999999999999956e+00
1.986161643835616360e+03 8.000000000000000444e-01
1.986246575342465803e+03 5.000000000000000000e-01
1.986328767123287662e+03 -4.000000000000000222e-01
1.986413698630136878e+03 1.600000000000000089e+00
1.986495890410958964e+03 5.000000000000000000e-01
1.986580821917808180e+03 -5.999999999999999778e-01
1.986665753424657623e+03 -8.000000000000000444e-01
1.986747945205479482e+03 1.100000000000000089e+00
1.986832876712328698e+03 -2.000000000000000000e+00
1.986915068493150784e+03 -2.399999999999999911e+00
1.987000000000000000e+03 -1.100000000000000089e+00
1.987084931506849216e+03 -2.100000000000000089e+00
1.987161643835616360e+03 -2.100000000000000089e+00
1.987246575342465803e+03 -2.299999999999999822e+00
1.987328767123287662e+03 -2.100000000000000089e+00
1.987413698630136878e+03 -1.800000000000000044e+00
1.987495890410958964e+03 -2.200000000000000178e+00
1.987580821917808180e+03 -1.500000000000000000e+00
1.987665753424657623e+03 -1.699999999999999956e+00
1.987747945205479482e+03 -5.999999999999999778e-01
1.987832876712328698e+03 -0.000000000000000000e+00
1.987915068493150784e+03 -8.000000000000000444e-01
1.988000000000000000e+03 -2.000000000000000111e-01
1.988084699453551821e+03 -5.999999999999999778e-01
1.988163934426229616e+03 1.100000000000000089e+00
1.988248633879781437e+03 2.000000000000000111e-01
1.988330601092896131e+03 1.500000000000000000e+00
1.988415300546448179e+03 1.000000000000000056e-01
1.988497267759562874e+03 1.699999999999999956e+00
1.988581967213114694e+03 2.500000000000000000e+00
1.988666666666666742e+03 3.000000000000000000e+00
1.988748633879781437e+03 2.299999999999999822e+00
1.988833333333333258e+03 2.799999999999999822e+00
1.988915300546448179e+03 2.000000000000000000e+00
1.989000000000000000e+03 2.500000000000000000e+00
1.989084931506849216e+03 2.000000000000000000e+00
1.989161643835616360e+03 1.800000000000000044e+00
1.989246575342465803e+03 2.700000000000000178e+00
1.989328767123287662e+03 2.000000000000000000e+00
1.989413698630136878e+03 1.199999999999999956e+00
1.989495890410958964e+03 1.500000000000000000e+00
1.989580821917808180e+03 -5.000000000000000000e-01
1.989665753424657623e+03 8.000000000000000444e-01
1.989747945205479482e+03 1.300000000000000044e+00
1.989832876712328698e+03 -4.000000000000000222e-01
1.989915068493150784e+03 -9.000000000000000222e-01
1.990000000000000000e+03 -1.000000000000000056e-01
1.990084931506849216e+03 -3.000000000000000000e+00
1.990161643835616360e+03 -6.999999999999999556e-01
1.990246575342465803e+03 2.999999999999999889e-01
1.990328767123287662e+03 2.000000000000000000e+00
1.990413698630136878e+03 5.000000000000000000e-01
1.990495890410958964e+03 9.000000000000000222e-01
1.990580821917808180e+03 -2.999999999999999889e-01
1.990665753424657623e+03 -1.199999999999999956e+00
1.990747945205479482e+03 4.000000000000000222e-01
1.990832876712328698e+03 -8.000000000000000444e-01
1.990915068493150784e+03 -4.000000000000000222e-01
1.991000000000000000e+03 1.000000000000000000e+00
1.991084931506849216e+03 4.000000000000000222e-01
1.991161643835616360e+03 -1.100000000000000089e+00
1.991246575342465803e+03 -1.000000000000000000e+00
1.991328767123287662e+03 -1.699999999999999956e+00
1.991413698630136878e+03 -2.000000000000000111e-01
1.991495890410958964e+03 0.000000000000000000e+00
1.991580821917808180e+03 -6.999999999999999556e-01
1.991665753424657623e+03 -2.500000000000000000e+00
1.991747945205479482e+03 -1.699999999999999956e+00
1.991832876712328698e+03 -1.100000000000000089e+00
1.991915068493150784e+03 -2.899999999999999911e+00
1.992000000000000000e+03 -4.700000000000000178e+00
1.992084699453551821e+03 -1.500000000000000000e+00
1.992163934426229616e+03 -3.299999999999999822e+00
1.992248633879781437e+03 -1.699999999999999956e+00
1.992330601092896131e+03 4.000000000000000222e-01
1.992415300546448179e+03 -1.000000000000000000e+00
1.992497267759562874e+03 -1.000000000000000000e+00
1.992581967213114694e+03 5.999999999999999778e-01
1.992666666666666742e+03 1.000000000000000056e-01
1.992748633879781437e+03 -2.299999999999999822e+00
1.992833333333333258e+03 -1.100000000000000089e+00
1.992915300546448179e+03 -9.000000000000000222e-01
1.993000000000000000e+03 -1.500000000000000000e+00
1.993084931506849216e+03 -1.199999999999999956e+00
1.993161643835616360e+03 -8.000000000000000444e-01
1.993246575342465803e+03 -1.899999999999999911e+00
1.993328767123287662e+03 -5.999999999999999778e-01
1.993413698630136878e+03 -1.399999999999999911e+00
1.993495890410958964e+03 -1.300000000000000044e+00
1.993580821917808180e+03 -1.600000000000000089e+00
1.993665753424657623e+03 -1.199999999999999956e+00
1.993747945205479482e+03 -1.800000000000000044e+00
1.993832876712328698e+03 -1.000000000000000056e-01
1.993915068493150784e+03 2.999999999999999889e-01
1.994000000000000000e+03 -2.000000000000000111e-01
1.994084931506849216e+03 4.000000000000000222e-01
1.994161643835616360e+03 -1.100000000000000089e+00
1.994246575342465803e+03 -2.100000000000000089e+00
1.994328767123287662e+03 -1.100000000000000089e+00
1.994413698630136878e+03 -6.999999999999999556e-01
1.994495890410958964e+03 -2.200000000000000178e+00
1.994580821917808180e+03 -2.000000000000000000e+00
1.994665753424657623e+03 -2.600000000000000089e+00
1.994747945205479482e+03 -1.899999999999999911e+00
1.994832876712328698e+03 -9.000000000000000222e-01
1.994915068493150784e+03 -2.000000000000000000e+00
1.995000000000000000e+03 -6.999999999999999556e-01
1.995084931506849216e+03 -2.000000000000000111e-01
1.995161643835616360e+03 1.199999999999999956e+00
1.995246575342465803e+03 -1.100000000000000089e+00
1.995328767123287662e+03 -5.999999999999999778e-01
1.995413698630136878e+03 2.000000000000000111e-01
1.995495890410958964e+03 6.999999999999999556e-01
1.995580821917808180e+03 5.000000000000000000e-01
1.995665753424657623e+03 4.000000000000000222e-01
1.995747945205479482e+03 0.000000000000000000e+00
1.995832876712328698e+03 1.000000000000000056e-01
1.995915068493150784e+03 -8.000000000000000444e-01
1.996000000000000000e+03 1.600000000000000089e+00
1.996084699453551821e+03 4.000000000000000222e-01
1.996163934426229616e+03 1.899999999999999911e+00
1.996248633879781437e+03 1.300000000000000044e+00
1.996330601092896131e+03 5.000000000000000000e-01
1.996415300546448179e+03 1.899999999999999911e+00
1.996497267759562874e+03 1.100000000000000089e+00
1.996581967213114694e+03 1.199999999999999956e+00
1.996666666666666742e+03 1.000000000000000000e+00
1.996748633879781437e+03 1.000000000000000000e+00
1.996833333333333258e+03 -1.000000000000000056e-01
1.996915300546448179e+03 1.500000000000000000e+00
1.997000000000000000e+03 8.000000000000000444e-01
1.997084931506849216e+03 2.899999999999999911e+00
1.997161643835616360e+03 -6.999999999999999556e-01
1.997246575342465803e+03 -1.000000000000000000e+00
1.997328767123287662e+03 -2.200000000000000178e+00
1.997413698630136878e+03 -2.299999999999999822e+00
1.997495890410958964e+03 -1.199999999999999956e+00
1.997580821917808180e+03 -2.399999999999999911e+00
1.997665753424657623e+03 -2.399999999999999911e+00
1.997747945205479482e+03 -2.399999999999999911e+00
1.997832876712328698e+03 -2.000000000000000000e+00
1.997915068493150784e+03 -1.600000000000000089e+00
1.998000000000000000e+03 -4.400000000000000355e+00
1.998084931506849216e+03 -3.399999999999999911e+00
1.998161643835616360e+03 -4.000000000000000000e+00
1.998246575342465803e+03 -2.399999999999999911e+00
1.998328767123287662e+03 4.000000000000000222e-01
1.998413698630136878e+03 1.600000000000000089e+00
1.998495890410958964e+03 2.000000000000000000e+00
1.998580821917808180e+03 1.899999999999999911e+00
1.998665753424657623e+03 1.699999999999999956e+00
1.998747945205479482e+03 1.800000000000000044e+00
1.998832876712328698e+03 1.699999999999999956e+00
1.998915068493150784e+03 2.299999999999999822e+00
1.999000000000000000e+03 3.000000000000000000e+00
1.999084931506849216e+03 1.600000000000000089e+00
1.999161643835616360e+03 2.100000000000000089e+00
1.999246575342465803e+03 2.299999999999999822e+00
1.999328767123287662e+03 4.000000000000000222e-01
1.999413698630136878e+03 4.000000000000000222e-01
1.999495890410958964e+03 9.000000000000000222e-01
1.999580821917808180e+03 5.999999999999999778e-01
1.999665753424657623e+03 -1.000000000000000056e-01
1.999747945205479482e+03 1.600000000000000089e+00
1.999832876712328698e+03 1.699999999999999956e+00
1.999915068493150784e+03 2.399999999999999911e+00
2.000000000000000000e+03 1.100000000000000089e+00
2.000084699453551821e+03 2.700000000000000178e+00
2.000163934426229616e+03 2.200000000000000178e+00
2.000248633879781437e+03 2.000000000000000000e+00
2.000330601092896131e+03 5.999999999999999778e-01
2.000415300546448179e+03 -2.999999999999999889e-01
2.000497267759562874e+03 -2.999999999999999889e-01
2.000581967213114694e+03 1.199999999999999956e+00
2.000666666666666742e+03 1.399999999999999911e+00
2.000748633879781437e+03 1.800000000000000044e+00
2.000833333333333258e+03 3.000000000000000000e+00
2.000915300546448179e+03 1.300000000000000044e+00
2.001000000000000000e+03 1.600000000000000089e+00
2.001084931506849216e+03 2.799999999999999822e+00
2.001161643835616360e+03 1.500000000000000000e+00
2.001246575342465803e+03 2.999999999999999889e-01
2.001328767123287662e+03 -8.000000000000000444e-01
2.001413698630136878e+03 5.000000000000000000e-01
2.001495890410958964e+03 -2.999999999999999889e-01
2.001580821917808180e+03 -6.999999999999999556e-01
2.001665753424657623e+03 2.999999999999999889e-01
2.001747945205479482e+03 -1.000000000000000056e-01
2.001832876712328698e+03 1.100000000000000089e+00
2.001915068493150784e+03 -1.399999999999999911e+00
2.002000000000000000e+03 6.999999999999999556e-01
2.002084931506849216e+03 1.800000000000000044e+00
2.002161643835616360e+03 -4.000000000000000222e-01
2.002246575342465803e+03 -1.000000000000000056e-01
2.002328767123287662e+03 -1.399999999999999911e+00
2.002413698630136878e+03 -4.000000000000000222e-01
2.002495890410958964e+03 -8.000000000000000444e-01
2.002580821917808180e+03 -1.600000000000000089e+00
2.002665753424657623e+03 -1.000000000000000000e+00
2.002747945205479482e+03 -5.999999999999999778e-01
2.002832876712328698e+03 -6.999999999999999556e-01
2.002915068493150784e+03 -1.800000000000000044e+00
2.003000000000000000e+03 -2.999999999999999889e-01
2.003084931506849216e+03 -1.100000000000000089e+00
2.003161643835616360e+03 -5.000000000000000000e-01
2.003246575342465803e+03 -2.000000000000000111e-01
2.003328767123287662e+03 -5.000000000000000000e-01
2.003413698630136878e+03 -1.000000000000000000e+00
2.003495890410958964e+03 5.000000000000000000e-01
2.003580821917808180e+03 2.000000000000000111e-01
2.003665753424657623e+03 -2.000000000000000111e-01
2.003747945205479482e+03 0.000000000000000000e+00
2.003832876712328698e+03 -5.000000000000000000e-01
2.003915068493150784e+03 1.800000000000000044e+00
2.004000000000000000e+03 -2.200000000000000178e+00
2.004084699453551821e+03 2.000000000000000000e+00
2.004163934426229616e+03 6.999999999999999556e-01
2.004248633879781437e+03 -1.500000000000000000e+00
2.004330601092896131e+03 1.699999999999999956e+00
2.004415300546448179e+03 -1.399999999999999911e+00
2.004497267759562874e+03 -8.000000000000000444e-01
2.004581967213114694e+03 -5.000000000000000000e-01
2.004666666666666742e+03 -5.999999999999999778e-01
2.004748633879781437e+03 -1.000000000000000056e-01
2.004833333333333258e+03 -1.100000000000000089e+00
2.004915300546448179e+03 -1.300000000000000044e+00
2.005000000000000000e+03 5.999999999999999778e-01
2.005084931506849216e+03 -5.200000000000000178e+00
2.005161643835616360e+03 5.000000000000000000e-01
2.005246575342465803e+03 -1.000000000000000000e+00
2.005328767123287662e+03 -1.300000000000000044e+00
2.005413698630136878e+03 6.999999999999999556e-01
2.005495890410958964e+03 2.999999999999999889e-01
2.005580821917808180e+03 -5.999999999999999778e-01
2.005665753424657623e+03 5.999999999999999778e-01
2.005747945205479482e+03 2.000000000000000000e+00
2.005832876712328698e+03 -2.999999999999999889e-01
2.005915068493150784e+03 -0.000000000000000000e+00
2.006000000000000000e+03 2.700000000000000178e+00
2.006084931506849216e+03 2.000000000000000111e-01
2.006161643835616360e+03 2.899999999999999911e+00
2.006246575342465803e+03 1.800000000000000044e+00
2.006328767123287662e+03 -8.000000000000000444e-01
2.006413698630136878e+03 -4.000000000000000222e-01
2.006495890410958964e+03 -1.000000000000000000e+00
2.006580821917808180e+03 -1.699999999999999956e+00
2.006665753424657623e+03 -1.000000000000000000e+00
2.006747945205479482e+03 -2.100000000000000089e+00
2.006832876712328698e+03 1.000000000000000056e-01
2.006915068493150784e+03 -5.000000000000000000e-01
2.007000000000000000e+03 -1.300000000000000044e+00
2.007084931506849216e+03 -1.000000000000000056e-01
2.007161643835616360e+03 2.999999999999999889e-01
2.007246575342465803e+03 -2.000000000000000111e-01
2.007328767123287662e+03 -2.000000000000000111e-01
2.007413698630136878e+03 9.000000000000000222e-01
2.007495890410958964e+03 -5.000000000000000000e-01
2.007580821917808180e+03 6.999999999999999556e-01
2.007665753424657623e+03 2.999999999999999889e-01
2.007747945205479482e+03 1.199999999999999956e+00
2.007832876712328698e+03 1.399999999999999911e+00
2.007915068493150784e+03 2.700000000000000178e+00
2.008000000000000000e+03 2.899999999999999911e+00
2.008084699453551821e+03 4.400000000000000355e+00
2.008163934426229616e+03 2.399999999999999911e+00
2.008248633879781437e+03 1.100000000000000089e+00
2.008330601092896131e+03 -1.000000000000000056e-01
2.008415300546448179e+03 1.000000000000000000e+00
2.008497267759562874e+03 5.000000000000000000e-01
2.008581967213114694e+03 1.699999999999999956e+00
2.008666666666666742e+03 2.000000000000000000e+00
2.008748633879781437e+03 2.100000000000000089e+00
2.008833333333333258e+03 2.200000000000000178e+00
2.008915300546448179e+03 2.399999999999999911e+00
2.009000000000000000e+03 1.800000000000000044e+00
2.009084931506849216e+03 3.100000000000000089e+00
2.009161643835616360e+03 6.999999999999999556e-01
2.009246575342465803e+03 1.300000000000000044e+00
2.009328767123287662e+03 -2.000000000000000111e-01
2.009413698630136878e+03 2.000000000000000111e-01
2.009495890410958964e+03 4.000000000000000222e-01
2.009580821917808180e+03 -2.999999999999999889e-01
2.009665753424657623e+03 5.000000000000000000e-01
2.009747945205479482e+03 -2.000000000000000000e+00
2.009832876712328698e+03 -1.000000000000000000e+00
2.009915068493150784e+03 -1.199999999999999956e+00
2.010000000000000000e+03 -1.800000000000000044e+00
2.010084931506849216e+03 -2.399999999999999911e+00
2.010161643835616360e+03 -1.100000000000000089e+00
2.010246575342465803e+03 2.000000000000000000e+00
2.010328767123287662e+03 1.500000000000000000e+00
2.010413698630136878e+03 5.999999999999999778e-01
2.010495890410958964e+03 3.000000000000000000e+00
2.010580821917808180e+03 3.000000000000000000e+00
2.010665753424657623e+03 3.700000000000000178e+00
2.010747945205479482e+03 2.899999999999999911e+00
2.010832876712328698e+03 2.100000000000000089e+00
2.010915068493150784e+03 4.799999999999999822e+00
2.011000000000000000e+03 3.799999999999999822e+00
2.011084931506849216e+03 4.500000000000000000e+00
2.011161643835616360e+03 4.200000000000000178e+00
2.011246575342465803e+03 3.100000000000000089e+00
2.011328767123287662e+03 5.999999999999999778e-01
2.011413698630136878e+03 4.000000000000000222e-01
2.011495890410958964e+03 1.600000000000000089e+00
2.011580821917808180e+03 6.999999999999999556e-01
2.011665753424657623e+03 1.699999999999999956e+00
2.011747945205479482e+03 1.199999999999999956e+00
2.011832876712328698e+03 1.800000000000000044e+00
2.011915068493150784e+03 4.099999999999999645e+00
2.012000000000000000e+03 1.800000000000000044e+00
2.012084699453551821e+03 8.000000000000000444e-01
2.012163934426229616e+03 1.199999999999999956e+00
2.012248633879781437e+03 -4.000000000000000222e-01
2.012330601092896131e+03 1.000000000000000056e-01
2.012415300546448179e+03 -6.999999999999999556e-01
2.012497267759562874e+03 -1.000000000000000056e-01
2.012581967213114694e+03 -2.999999999999999889e-01
2.012666666666666742e+03 4.000000000000000222e-01
2.012748633879781437e+03 5.000000000000000000e-01
2.012833333333333258e+03 4.000000000000000222e-01
2.012915300546448179e+03 -1.000000000000000000e+00
2.013000000000000000e+03 -1.000000000000000056e-01
2.013084931506849216e+03 -4.000000000000000222e-01
2.013161643835616360e+03 2.500000000000000000e+00
2.013246575342465803e+03 4.000000000000000222e-01
2.013328767123287662e+03 1.300000000000000044e+00
2.013413698630136878e+03 2.000000000000000000e+00
2.013495890410958964e+03 1.300000000000000044e+00
2.013580821917808180e+03 2.999999999999999889e-01
2.013665753424657623e+03 5.000000000000000000e-01
2.013747945205479482e+03 -1.000000000000000056e-01
2.013832876712328698e+03 1.199999999999999956e+00
2.013915068493150784e+03 1.000000000000000056e-01
2.014000000000000000e+03 2.399999999999999911e+00
2.014084931506849216e+03 1.000000000000000056e-01
2.014161643835616360e+03 -1.500000000000000000e+00
2.014246575342465803e+03 1.300000000000000044e+00
2.014328767123287662e+03 9.000000000000000222e-01
2.014413698630136878e+03 2.999999999999999889e-01
2.014495890410958964e+03 -2.999999999999999889e-01
2.014580821917808180e+03 -1.199999999999999956e+00
2.014665753424657623e+03 -1.199999999999999956e+00
2.014747945205479482e+03 -1.000000000000000000e+00
2.014832876712328698e+03 -1.500000000000000000e+00
2.014915068493150784e+03 -9.000000000000000222e-01
2.015000000000000000e+03 -1.399999999999999911e+00
2.015084931506849216e+03 4.000000000000000222e-01
2.015161643835616360e+03 -1.199999999999999956e+00
2.015246575342465803e+03 -1.000000000000000056e-01
2.015328767123287662e+03 -1.199999999999999956e+00
2.015413698630136878e+03 -9.000000000000000222e-01
2.015495890410958964e+03 -1.899999999999999911e+00
2.015580821917808180e+03 -2.399999999999999911e+00
2.015665753424657623e+03 -2.700000000000000178e+00
2.015747945205479482e+03 -2.799999999999999822e+00
2.015832876712328698e+03 -8.000000000000000444e-01
2.015915068493150784e+03 -9.000000000000000222e-01
2.016000000000000000e+03 -3.600000000000000089e+00
2.016084699453551821e+03 -3.200000000000000178e+00
2.016163934426229616e+03 -1.000000000000000056e-01
2.016248633879781437e+03 -2.000000000000000000e+00
2.016330601092896131e+03 6.999999999999999556e-01
2.016415300546448179e+03 1.100000000000000089e+00
2.016497267759562874e+03 6.999999999999999556e-01
2.016581967213114694e+03 1.199999999999999956e+00
2.016666666666666742e+03 2.000000000000000000e+00
2.016748633879781437e+03 -4.000000000000000222e-01
2.016833333333333258e+03 -2.000000000000000111e-01
2.016915300546448179e+03 5.000000000000000000e-01
2.017000000000000000e+03 2.999999999999999889e-01
2.017084931506849216e+03 -1.000000000000000056e-01
2.017161643835616360e+03 1.500000000000000000e+00
2.017246575342465803e+03 -2.999999999999999889e-01
2.017328767123287662e+03 4.000000000000000222e-01
2.017413698630136878e+03 -6.999999999999999556e-01
2.017495890410958964e+03 1.300000000000000044e+00
2.017580821917808180e+03 9.000000000000000222e-01
2.017665753424657623e+03 1.000000000000000000e+00
2.017747945205479482e+03 1.500000000000000000e+00
2.017832876712328698e+03 1.500000000000000000e+00
2.017915068493150784e+03 -2.000000000000000111e-01
2.018000000000000000e+03 1.800000000000000044e+00
2.018084931506849216e+03 -8.000000000000000444e-01
2.018161643835616360e+03 2.399999999999999911e+00
2.018246575342465803e+03 8.000000000000000444e-01
2.018328767123287662e+03 5.999999999999999778e-01
2.018413698630136878e+03 -2.000000000000000111e-01
2.018495890410958964e+03 4.000000000000000222e-01
2.018580821917808180e+03 -5.000000000000000000e-01
2.018665753424657623e+03 -1.500000000000000000e+00
2.018747945205479482e+03 5.999999999999999778e-01
2.018832876712328698e+03 -1.000000000000000056e-01
2.018915068493150784e+03 1.699999999999999956e+00
2.019000000000000000e+03 -1.000000000000000056e-01
2.019084931506849216e+03 -2.299999999999999822e+00
2.019161643835616360e+03 -5.000000000000000000e-01
2.019246575342465803e+03 2.000000000000000111e-01
2.019328767123287662e+03 -6.999999999999999556e-01
2.019413698630136878e+03 -6.999999999999999556e-01
2.019495890410958964e+03 -5.999999999999999778e-01
2.019580821917808180e+03 -2.000000000000000111e-01
2.019665753424657623e+03 -1.899999999999999911e+00
2.019747945205479482e+03 -5.999999999999999778e-01
2.019832876712328698e+03 -1.399999999999999911e+00
2.019915068493150784e+03 -9.000000000000000222e-01
2.020000000000000000e+03 2.999999999999999889e-01
2.020084699453551821e+03 -1.000000000000000056e-01
2.020163934426229616e+03 -2.000000000000000111e-01
2.020248633879781437e+03 2.999999999999999889e-01
2.020330601092896131e+03 6.999999999999999556e-01
2.020415300546448179e+03 -5.999999999999999778e-01
2.020497267759562874e+03 6.999999999999999556e-01
2.020581967213114694e+03 1.800000000000000044e+00
2.020666666666666742e+03 1.500000000000000000e+00
2.020748633879781437e+03 8.000000000000000444e-01
2.020833333333333258e+03 1.100000000000000089e+00
2.020915300546448179e+03 3.000000000000000000e+00
